3 1 319 11 261 345 0.902654 -1 -1 -1 
3 2 12 83 133 270 0.890721 -1 -1 -1 
3 3 560 77 78 270 0.84928 -1 -1 -1 
3 4 188 74 147 282 0.827388 -1 -1 -1 
3 5 148 59 80 295 0.76883 -1 -1 -1 
3 6 128 66 53 142 0.760604 -1 -1 -1 
3 7 298 39 90 250 0.741715 -1 -1 -1 
3 8 246 53 33 23 0.629856 -1 -1 -1 
3 9 222 56 25 31 0.597188 -1 -1 -1 
3 10 484 76 26 40 0.516364 -1 -1 -1 
4 1 318 10 265 347 0.907023 -1 -1 -1 
4 2 13 84 136 268 0.897207 -1 -1 -1 
4 3 562 76 77 267 0.8632 -1 -1 -1 
4 4 186 75 149 281 0.805372 -1 -1 -1 
4 5 149 60 80 294 0.766953 -1 -1 -1 
4 6 128 67 52 143 0.748066 -1 -1 -1 
4 7 297 39 91 253 0.723111 -1 -1 -1 
4 8 246 54 32 22 0.618063 -1 -1 -1 
4 9 222 56 26 31 0.576256 -1 -1 -1 
4 10 485 76 26 39 0.536033 -1 -1 -1 
5 1 316 9 271 348 0.906916 -1 -1 -1 
5 2 13 85 130 266 0.884986 -1 -1 -1 
5 3 563 75 76 263 0.882262 -1 -1 -1 
5 4 183 75 152 280 0.819885 -1 -1 -1 
5 5 151 61 76 292 0.79669 -1 -1 -1 
5 6 128 68 52 142 0.750544 -1 -1 -1 
5 7 296 41 93 251 0.747541 -1 -1 -1 
5 8 246 55 31 22 0.664058 -1 -1 -1 
6 1 314 8 276 350 0.913193 -1 -1 -1 
6 2 11 86 130 266 0.885635 -1 -1 -1 
6 3 564 75 75 261 0.879938 -1 -1 -1 
6 4 181 75 154 280 0.805752 -1 -1 -1 
6 5 153 62 73 289 0.794836 -1 -1 -1 
6 6 128 68 52 139 0.722572 -1 -1 -1 
6 7 296 41 93 252 0.713587 -1 -1 -1 
6 8 247 56 30 21 0.646629 -1 -1 -1 
6 12 390 61 27 46 0.639609 -1 -1 -1 
7 1 312 7 282 352 0.904575 -1 -1 -1 
7 2 9 86 131 266 0.891585 -1 -1 -1 
7 3 565 75 73 271 0.879165 -1 -1 -1 
7 4 178 75 159 280 0.810018 -1 -1 -1 
7 5 153 62 71 283 0.791684 -1 -1 -1 
7 6 128 68 52 139 0.65451 -1 -1 -1 
7 7 295 41 94 251 0.643587 -1 -1 -1 
7 8 246 56 31 22 0.607441 -1 -1 -1 
7 12 389 61 32 46 0.597913 -1 -1 -1 
8 1 310 6 286 353 0.90323 -1 -1 -1 
8 2 8 85 132 267 0.879391 -1 -1 -1 
8 3 565 76 74 272 0.875113 -1 -1 -1 
8 4 177 74 159 281 0.810171 -1 -1 -1 
8 5 151 61 73 286 0.799591 -1 -1 -1 
8 6 129 68 52 141 0.797127 -1 -1 -1 
8 7 295 40 93 251 0.703898 -1 -1 -1 
8 8 246 56 30 22 0.652037 -1 -1 -1 
8 12 391 61 29 46 0.636669 -1 -1 -1 
8 13 271 51 30 50 0.516013 -1 -1 -1 
9 1 309 6 290 353 0.904156 -1 -1 -1 
9 2 8 84 131 268 0.8757 -1 -1 -1 
9 3 565 76 74 276 0.866987 -1 -1 -1 
9 4 175 73 161 282 0.816386 -1 -1 -1 
9 5 152 61 71 284 0.779678 -1 -1 -1 
9 6 129 67 52 142 0.730406 -1 -1 -1 
9 7 295 40 94 250 0.719924 -1 -1 -1 
9 8 246 55 31 24 0.593349 -1 -1 -1 
9 12 391 61 27 45 0.515584 -1 -1 -1 
9 13 271 51 30 49 0.501601 -1 -1 -1 
10 1 306 6 297 353 0.907396 -1 -1 -1 
10 2 5 84 135 268 0.886329 -1 -1 -1 
10 3 565 76 74 277 0.871352 -1 -1 -1 
10 4 176 73 160 282 0.820069 -1 -1 -1 
10 5 152 61 71 280 0.773445 -1 -1 -1 
10 6 130 67 50 144 0.715571 -1 -1 -1 
10 7 295 39 94 249 0.703946 -1 -1 -1 
10 8 245 55 32 24 0.693251 -1 -1 -1 
10 12 392 61 26 45 0.609677 -1 -1 -1 
11 1 308 6 300 352 0.903245 -1 -1 -1 
11 2 6 84 134 270 0.881175 -1 -1 -1 
11 4 177 72 161 284 0.871615 -1 -1 -1 
11 5 153 61 69 281 0.818279 -1 -1 -1 
11 6 129 67 52 144 0.766374 -1 -1 -1 
11 7 296 38 95 251 0.723814 -1 -1 -1 
11 8 245 54 32 25 0.717155 -1 -1 -1 
11 12 393 60 24 45 0.671685 -1 -1 -1 
12 1 308 2 304 355 0.91893 -1 -1 -1 
12 2 7 86 134 267 0.903627 -1 -1 -1 
12 4 179 72 161 284 0.881154 -1 -1 -1 
12 5 154 61 67 283 0.795386 -1 -1 -1 
12 6 130 68 53 144 0.77888 -1 -1 -1 
12 7 297 37 93 251 0.680964 -1 -1 -1 
12 8 244 54 33 26 0.650031 -1 -1 -1 
12 12 393 58 23 45 0.620204 -1 -1 -1 
12 16 567 72 72 113 0.609217 -1 -1 -1 
13 1 308 0 310 356 0.920798 -1 -1 -1 
13 2 7 87 138 266 0.900698 -1 -1 -1 
13 4 180 69 159 288 0.851859 -1 -1 -1 
13 5 155 61 67 274 0.844774 -1 -1 -1 
13 6 130 68 53 145 0.804702 -1 -1 -1 
13 7 299 35 91 258 0.7869 -1 -1 -1 
13 8 244 54 33 26 0.753352 -1 -1 -1 
13 12 394 58 23 45 0.666918 -1 -1 -1 
13 16 567 66 72 110 0.663648 -1 -1 -1 
14 1 310 0 314 355 0.91104 -1 -1 -1 
14 2 6 89 141 266 0.896801 -1 -1 -1 
14 4 180 67 165 290 0.891536 -1 -1 -1 
14 5 156 60 65 273 0.859968 -1 -1 -1 
14 6 131 69 52 143 0.811224 -1 -1 -1 
14 7 298 32 93 260 0.758491 -1 -1 -1 
14 16 567 63 72 111 0.757155 -1 -1 -1 
14 18 271 47 38 109 0.75536 -1 -1 -1 
15 1 312 0 317 355 0.914799 -1 -1 -1 
15 2 6 90 140 266 0.909198 -1 -1 -1 
15 4 179 64 172 294 0.907858 -1 -1 -1 
15 5 157 59 61 275 0.843557 -1 -1 -1 
15 6 131 69 52 141 0.829043 -1 -1 -1 
15 7 297 29 92 259 0.783082 -1 -1 -1 
15 18 269 43 38 110 0.770134 -1 -1 -1 
16 1 314 0 317 354 0.909701 -1 -1 -1 
16 2 4 91 141 265 0.909304 -1 -1 -1 
16 4 179 61 172 297 0.907368 -1 -1 -1 
16 5 158 59 59 274 0.813541 -1 -1 -1 
16 6 130 68 52 140 0.799833 -1 -1 -1 
16 7 296 25 91 261 0.767797 -1 -1 -1 
16 18 267 43 39 106 0.723012 -1 -1 -1 
16 25 401 20 49 91 0.674506 -1 -1 -1 
17 1 314 0 317 354 0.910329 -1 -1 -1 
17 2 1 91 141 266 0.906974 -1 -1 -1 
17 4 178 58 172 300 0.904939 -1 -1 -1 
17 6 128 68 49 142 0.857709 -1 -1 -1 
17 7 293 23 93 261 0.796378 -1 -1 -1 
17 18 266 41 38 106 0.769103 -1 -1 -1 
17 25 395 18 54 95 0.73729 -1 -1 -1 
18 1 314 0 311 353 0.927309 -1 -1 -1 
18 2 1 92 132 266 0.911856 -1 -1 -1 
18 4 170 57 173 301 0.882265 -1 -1 -1 
18 6 128 68 49 142 0.802546 -1 -1 -1 
18 7 287 22 93 265 0.791452 -1 -1 -1 
18 18 265 40 38 105 0.772035 -1 -1 -1 
18 25 393 16 55 96 0.771863 -1 -1 -1 
19 1 310 0 309 352 0.937044 -1 -1 -1 
19 2 1 92 125 266 0.90559 -1 -1 -1 
19 4 163 55 172 303 0.879689 -1 -1 -1 
19 7 281 21 91 268 0.837228 -1 -1 -1 
20 1 298 0 320 352 0.921593 -1 -1 -1 
20 2 1 89 117 267 0.908548 -1 -1 -1 
20 4 157 52 172 305 0.897007 -1 -1 -1 
20 7 276 20 91 271 0.823897 -1 -1 -1 
21 1 288 0 326 352 0.916708 -1 -1 -1 
21 2 1 83 107 272 0.846991 -1 -1 -1 
21 4 151 49 172 308 0.835314 -1 -1 -1 
21 7 270 18 94 271 0.814205 -1 -1 -1 
21 37 129 47 63 175 0.808476 -1 -1 -1 
21 38 547 38 63 73 0.789428 -1 -1 -1 
22 1 278 0 327 353 0.918661 -1 -1 -1 
22 2 0 77 101 259 0.909535 -1 -1 -1 
22 4 145 43 174 313 0.838611 -1 -1 -1 
22 7 265 16 96 258 0.835659 -1 -1 -1 
22 37 124 43 61 174 0.802168 -1 -1 -1 
22 38 546 39 61 70 0.761855 -1 -1 -1 
22 40 97 59 51 147 0.749318 -1 -1 -1 
23 1 265 0 336 352 0.934185 -1 -1 -1 
23 2 0 72 95 250 0.917816 -1 -1 -1 
23 4 141 42 174 314 0.847058 -1 -1 -1 
23 7 262 15 94 252 0.824802 -1 -1 -1 
23 37 121 41 59 176 0.803247 -1 -1 -1 
23 38 546 40 57 67 0.789919 -1 -1 -1 
23 40 96 57 48 146 0.767463 -1 -1 -1 
23 41 364 18 57 85 0.747743 -1 -1 -1 
24 1 255 0 345 352 0.928551 -1 -1 -1 
24 2 0 70 92 245 0.914506 -1 -1 -1 
24 4 140 41 171 315 0.867793 -1 -1 -1 
24 7 262 14 93 251 0.830562 -1 -1 -1 
24 37 119 39 60 176 0.816233 -1 -1 -1 
24 38 546 41 56 65 0.801783 -1 -1 -1 
24 40 94 56 48 147 0.779589 -1 -1 -1 
24 41 363 19 54 81 0.756091 -1 -1 -1 
24 43 579 21 60 331 0.721181 -1 -1 -1 
24 44 243 41 31 88 0.69644 -1 -1 -1 
25 1 249 0 351 352 0.911788 -1 -1 -1 
25 2 0 67 89 248 0.904811 -1 -1 -1 
25 4 142 35 164 323 0.863253 -1 -1 -1 
25 7 259 13 93 249 0.84964 -1 -1 -1 
25 37 117 37 64 176 0.842954 -1 -1 -1 
25 38 548 40 55 65 0.818866 -1 -1 -1 
25 40 94 55 49 147 0.804931 -1 -1 -1 
25 41 362 20 53 75 0.772635 -1 -1 -1 
25 43 582 20 57 332 0.677016 -1 -1 -1 
25 44 244 42 29 83 0.652793 -1 -1 -1 
26 1 244 0 359 353 0.90989 -1 -1 -1 
26 2 0 64 88 261 0.892302 -1 -1 -1 
26 4 142 31 168 328 0.8617 -1 -1 -1 
26 37 120 35 61 178 0.844026 -1 -1 -1 
26 38 547 41 54 64 0.839444 -1 -1 -1 
26 40 93 54 49 147 0.81424 -1 -1 -1 
26 41 364 21 50 70 0.807228 -1 -1 -1 
26 43 586 20 53 332 0.78629 -1 -1 -1 
26 44 247 43 27 79 0.771515 -1 -1 -1 
27 1 241 0 362 354 0.907908 -1 -1 -1 
27 2 0 61 90 253 0.873927 -1 -1 -1 
27 4 143 28 172 331 0.871526 -1 -1 -1 
27 37 121 34 61 178 0.83502 -1 -1 -1 
27 41 365 21 49 68 0.822638 -1 -1 -1 
27 43 588 20 51 331 0.808714 -1 -1 -1 
27 44 248 43 26 77 0.781627 -1 -1 -1 
27 45 268 13 94 167 0.772401 -1 -1 -1 
28 1 242 0 359 355 0.899808 -1 -1 -1 
28 2 0 57 91 252 0.868719 -1 -1 -1 
28 4 143 26 179 333 0.865299 -1 -1 -1 
28 37 123 33 62 178 0.862118 -1 -1 -1 
28 41 365 23 50 67 0.820034 -1 -1 -1 
28 43 589 27 50 324 0.819213 -1 -1 -1 
28 45 270 14 97 165 0.791386 -1 -1 -1 
28 46 102 55 47 143 0.784233 -1 -1 -1 
29 1 241 1 360 355 0.911283 -1 -1 -1 
29 2 0 55 90 264 0.867828 -1 -1 -1 
29 4 146 26 173 333 0.848976 -1 -1 -1 
29 37 122 33 68 180 0.839683 -1 -1 -1 
29 41 366 24 47 64 0.828956 -1 -1 -1 
29 43 591 35 48 317 0.825887 -1 -1 -1 
29 45 272 17 97 164 0.792351 -1 -1 -1 
29 46 104 55 47 145 0.768442 -1 -1 -1 
29 48 255 48 27 73 0.758186 -1 -1 -1 
30 1 245 2 356 354 0.92203 -1 -1 -1 
30 2 0 55 93 266 0.910387 -1 -1 -1 
30 4 146 29 171 327 0.863686 -1 -1 -1 
30 37 124 36 69 178 0.855668 -1 -1 -1 
30 43 593 38 46 315 0.795215 -1 -1 -1 
30 45 276 19 96 172 0.734849 -1 -1 -1 
30 46 106 60 47 145 0.709864 -1 -1 -1 
30 48 256 49 27 72 0.690753 -1 -1 -1 
31 1 251 2 351 355 0.937969 -1 -1 -1 
31 2 0 58 95 262 0.923191 -1 -1 -1 
31 4 146 35 172 319 0.865183 -1 -1 -1 
31 37 124 47 67 171 0.84116 -1 -1 -1 
31 45 277 28 97 169 0.798634 -1 -1 -1 
31 46 109 64 46 146 0.785425 -1 -1 -1 
32 1 255 2 350 354 0.944087 -1 -1 -1 
32 2 0 63 96 266 0.932069 -1 -1 -1 
32 4 147 42 172 312 0.858665 -1 -1 -1 
32 37 126 51 69 174 0.832741 -1 -1 -1 
32 45 281 33 94 171 0.78851 -1 -1 -1 
32 46 111 70 48 145 0.743596 -1 -1 -1 
33 1 260 1 342 354 0.937941 -1 -1 -1 
33 2 0 67 96 267 0.933486 -1 -1 -1 
33 4 146 48 174 306 0.862699 -1 -1 -1 
33 37 126 56 72 177 0.857416 -1 -1 -1 
33 45 280 43 102 162 0.787636 -1 -1 -1 
33 46 113 76 49 146 0.782611 -1 -1 -1 
33 58 576 92 62 263 0.71961 -1 -1 -1 
34 1 270 0 331 355 0.942686 -1 -1 -1 
34 2 0 72 97 266 0.908793 -1 -1 -1 
34 4 147 55 171 299 0.85647 -1 -1 -1 
34 37 128 63 71 175 0.795695 -1 -1 -1 
34 45 282 50 100 158 0.793944 -1 -1 -1 
34 46 115 83 49 146 0.753305 -1 -1 -1 
34 58 577 104 62 251 0.699897 -1 -1 -1 
35 1 277 1 325 352 0.943694 -1 -1 -1 
35 2 0 78 98 269 0.910617 -1 -1 -1 
35 4 147 64 169 292 0.898409 -1 -1 -1 
35 37 129 71 74 173 0.852024 -1 -1 -1 
35 45 285 55 100 156 0.812601 -1 -1 -1 
35 46 116 92 50 145 0.80212 -1 -1 -1 
35 58 579 118 60 236 0.719965 -1 -1 -1 
36 1 285 0 323 353 0.931625 -1 -1 -1 
36 2 0 89 104 255 0.925466 -1 -1 -1 
36 4 150 77 169 279 0.906737 -1 -1 -1 
36 37 129 73 76 173 0.832451 -1 -1 -1 
36 46 117 97 51 145 0.774731 -1 -1 -1 
36 58 581 127 58 226 0.620451 -1 -1 -1 
37 1 292 0 322 353 0.948127 -1 -1 -1 
37 2 0 102 111 247 0.932333 -1 -1 -1 
37 4 158 92 165 264 0.927274 -1 -1 -1 
38 1 302 0 325 355 0.946968 -1 -1 -1 
38 2 0 117 119 237 0.934038 -1 -1 -1 
38 4 164 108 163 248 0.92917 -1 -1 -1 
39 1 305 6 333 349 0.938773 -1 -1 -1 
39 2 0 134 129 223 0.935169 -1 -1 -1 
39 4 173 120 157 237 0.861144 -1 -1 -1 
40 1 309 14 330 341 0.948352 -1 -1 -1 
40 2 0 150 135 207 0.936299 -1 -1 -1 
40 4 179 136 156 221 0.893358 -1 -1 -1 
41 1 313 21 326 334 0.950619 -1 -1 -1 
41 2 2 156 135 203 0.911204 -1 -1 -1 
41 4 190 154 150 203 0.898756 -1 -1 -1 
42 1 329 27 310 328 0.948979 -1 -1 -1 
42 4 204 164 142 194 0.90978 -1 -1 -1 
43 1 337 23 301 332 0.941355 -1 -1 -1 
43 4 212 161 134 197 0.915037 -1 -1 -1 
44 1 337 9 301 348 0.921815 -1 -1 -1 
44 4 220 148 124 209 0.899587 -1 -1 -1 
44 84 36 157 133 200 0.897821 -1 -1 -1 
45 1 331 3 308 353 0.914938 -1 -1 -1 
45 4 224 153 122 205 0.903892 -1 -1 -1 
45 84 39 137 133 220 0.886883 -1 -1 -1 
46 1 338 0 301 355 0.941441 -1 -1 -1 
46 84 37 124 140 233 0.888194 -1 -1 -1 
47 1 348 0 289 356 0.93128 -1 -1 -1 
48 1 355 0 283 355 0.938342 -1 -1 -1 
49 1 359 0 280 355 0.926642 -1 -1 -1 
49 93 103 135 120 221 0.891552 -1 -1 -1 
49 95 275 98 120 258 0.837814 -1 -1 -1 
50 1 363 0 276 355 0.879281 -1 -1 -1 
50 93 101 129 129 227 0.844249 -1 -1 -1 
50 95 280 92 118 262 0.74784 -1 -1 -1 
50 96 87 160 58 196 0.737449 -1 -1 -1 
51 93 106 124 128 231 0.879494 -1 -1 -1 
51 95 286 93 114 248 0.810191 -1 -1 -1 
51 96 90 156 60 199 0.70906 -1 -1 -1 
52 93 118 122 120 234 0.898958 -1 -1 -1 
52 95 294 94 110 242 0.790498 -1 -1 -1 
52 96 95 153 59 202 0.705957 -1 -1 -1 
52 100 316 2 323 357 0.689933 -1 -1 -1 
53 93 121 122 126 234 0.885318 -1 -1 -1 
53 95 302 94 109 247 0.847662 -1 -1 -1 
53 96 102 154 55 201 0.807978 -1 -1 -1 
53 100 311 3 328 356 0.754576 -1 -1 -1 
54 93 119 124 135 233 0.887474 -1 -1 -1 
54 95 309 91 109 258 0.848552 -1 -1 -1 
54 96 109 157 53 196 0.843673 -1 -1 -1 
54 100 339 1 292 358 0.782806 -1 -1 -1 
54 104 0 78 96 278 0.766887 -1 -1 -1 
55 93 132 126 122 227 0.882116 -1 -1 -1 
55 95 313 92 118 262 0.859681 -1 -1 -1 
55 96 116 160 49 194 0.857728 -1 -1 -1 
55 100 352 0 280 359 0.853046 -1 -1 -1 
55 104 1 79 96 277 0.776751 -1 -1 -1 
56 93 129 127 128 229 0.895273 -1 -1 -1 
56 95 320 93 116 261 0.880382 -1 -1 -1 
56 96 120 159 49 195 0.855855 -1 -1 -1 
56 100 342 0 297 359 0.764077 -1 -1 -1 
57 93 140 129 113 229 0.911501 -1 -1 -1 
57 95 328 97 109 250 0.885905 -1 -1 -1 
57 100 351 0 285 359 0.852859 -1 -1 -1 
57 107 0 86 149 270 0.850538 -1 -1 -1 
58 93 143 133 111 224 0.912279 -1 -1 -1 
58 95 331 101 107 238 0.909041 -1 -1 -1 
58 100 351 0 286 359 0.882804 -1 -1 -1 
58 107 0 91 151 265 0.78213 -1 -1 -1 
58 109 295 165 48 117 0.649865 -1 -1 -1 
59 93 140 137 115 220 0.916489 -1 -1 -1 
59 95 332 106 110 228 0.903873 -1 -1 -1 
59 100 350 0 287 358 0.872472 -1 -1 -1 
59 107 0 97 150 260 0.829408 -1 -1 -1 
59 109 298 169 49 115 0.719477 -1 -1 -1 
60 93 144 137 115 220 0.938421 -1 -1 -1 
60 95 337 107 109 225 0.933846 -1 -1 -1 
60 100 351 0 287 358 0.860709 -1 -1 -1 
60 107 3 101 148 256 0.82692 -1 -1 -1 
60 109 300 172 49 114 0.810547 -1 -1 -1 
62 112 454 115 135 242 0.93717 -1 -1 -1 
62 113 269 48 191 307 0.932852 -1 -1 -1 
62 114 163 136 121 221 0.826615 -1 -1 -1 
62 115 9 127 93 228 0.794561 -1 -1 -1 
62 116 142 199 30 67 0.786793 -1 -1 -1 
63 112 447 115 144 240 0.941697 -1 -1 -1 
63 113 269 46 186 310 0.939459 -1 -1 -1 
63 114 166 136 119 221 0.831128 -1 -1 -1 
63 115 7 125 93 227 0.770691 -1 -1 -1 
63 116 142 197 30 67 0.756997 -1 -1 -1 
64 112 445 116 146 238 0.937632 -1 -1 -1 
64 113 274 42 177 315 0.927306 -1 -1 -1 
64 114 168 133 121 225 0.837343 -1 -1 -1 
64 115 6 123 91 227 0.770958 -1 -1 -1 
64 116 140 196 31 67 0.697039 -1 -1 -1 
65 112 448 114 144 242 0.934531 -1 -1 -1 
65 113 277 40 175 316 0.927674 -1 -1 -1 
65 114 166 131 128 228 0.83936 -1 -1 -1 
65 115 4 121 90 230 0.757156 -1 -1 -1 
65 116 139 196 32 67 0.744259 -1 -1 -1 
66 112 452 113 141 244 0.932867 -1 -1 -1 
66 113 277 39 181 317 0.931753 -1 -1 -1 
66 114 161 129 136 230 0.827532 -1 -1 -1 
66 115 3 119 89 234 0.75977 -1 -1 -1 
66 116 138 196 32 67 0.753516 -1 -1 -1 
67 112 450 111 145 246 0.934321 -1 -1 -1 
67 113 280 38 182 318 0.931502 -1 -1 -1 
67 114 154 129 143 229 0.782647 -1 -1 -1 
67 115 1 116 89 238 0.775276 -1 -1 -1 
67 116 136 196 34 68 0.710894 -1 -1 -1 
68 112 448 110 146 247 0.935392 -1 -1 -1 
68 113 282 39 182 317 0.928843 -1 -1 -1 
68 114 147 128 150 230 0.874113 -1 -1 -1 
68 115 0 114 86 241 0.846051 -1 -1 -1 
68 116 134 196 33 68 0.790356 -1 -1 -1 
69 112 448 109 146 248 0.935058 -1 -1 -1 
69 113 276 39 191 318 0.926235 -1 -1 -1 
69 114 140 127 151 232 0.856447 -1 -1 -1 
69 115 0 111 80 244 0.84609 -1 -1 -1 
69 116 133 196 33 68 0.677046 -1 -1 -1 
70 112 450 109 142 248 0.930657 -1 -1 -1 
70 113 280 38 185 319 0.922706 -1 -1 -1 
70 114 133 127 155 231 0.8716 -1 -1 -1 
70 115 0 109 77 246 0.865939 -1 -1 -1 
71 112 448 109 144 248 0.93455 -1 -1 -1 
71 113 275 38 193 318 0.929407 -1 -1 -1 
71 114 127 126 156 232 0.858265 -1 -1 -1 
71 115 0 107 75 244 0.850851 -1 -1 -1 
72 112 447 108 145 249 0.93307 -1 -1 -1 
72 113 277 37 187 319 0.931423 -1 -1 -1 
72 114 121 126 159 231 0.885196 -1 -1 -1 
72 115 0 105 72 249 0.864086 -1 -1 -1 
73 112 449 107 143 250 0.932845 -1 -1 -1 
73 113 274 34 193 322 0.926282 -1 -1 -1 
73 114 114 123 159 234 0.88557 -1 -1 -1 
73 115 0 101 72 255 0.863026 -1 -1 -1 
74 112 451 104 143 253 0.936566 -1 -1 -1 
74 113 281 31 190 325 0.926297 -1 -1 -1 
74 114 110 121 157 236 0.877581 -1 -1 -1 
74 115 0 99 74 257 0.85896 -1 -1 -1 
74 129 603 174 36 185 0.690628 -1 -1 -1 
75 112 457 101 140 255 0.942434 -1 -1 -1 
75 113 284 30 194 326 0.927296 -1 -1 -1 
75 114 104 121 156 236 0.873621 -1 -1 -1 
75 115 0 98 77 259 0.870548 -1 -1 -1 
75 129 607 174 32 185 0.708966 -1 -1 -1 
76 112 460 99 143 257 0.944599 -1 -1 -1 
76 113 288 28 197 328 0.929981 -1 -1 -1 
76 114 97 120 162 237 0.828722 -1 -1 -1 
76 115 0 100 80 258 0.814305 -1 -1 -1 
76 129 611 175 28 184 0.707453 -1 -1 -1 
