3 1 137 216 605 855 0.913233 -1 -1 -1 
3 2 1138 101 513 703 0.883607 -1 -1 -1 
4 1 136 216 611 855 0.915928 -1 -1 -1 
4 2 1139 102 513 702 0.89081 -1 -1 -1 
5 1 137 214 612 856 0.911823 -1 -1 -1 
5 2 1139 100 514 705 0.894264 -1 -1 -1 
6 1 139 213 611 857 0.912272 -1 -1 -1 
6 2 1139 100 516 705 0.894288 -1 -1 -1 
7 1 140 213 615 858 0.917072 -1 -1 -1 
7 2 1141 100 516 706 0.898845 -1 -1 -1 
8 1 140 214 614 857 0.919887 -1 -1 -1 
8 2 1142 99 516 707 0.894208 -1 -1 -1 
9 1 139 213 617 858 0.918621 -1 -1 -1 
9 2 1142 98 520 709 0.886743 -1 -1 -1 
10 1 138 213 617 858 0.914495 -1 -1 -1 
10 2 1143 97 521 711 0.887303 -1 -1 -1 
11 1 139 213 615 858 0.915228 -1 -1 -1 
11 2 1145 98 520 709 0.888101 -1 -1 -1 
12 1 141 212 616 859 0.919584 -1 -1 -1 
12 2 1147 98 519 709 0.882852 -1 -1 -1 
13 1 142 211 612 860 0.920643 -1 -1 -1 
13 2 1149 98 518 709 0.889138 -1 -1 -1 
14 1 141 211 616 863 0.921169 -1 -1 -1 
14 2 1155 102 514 707 0.873873 -1 -1 -1 
15 1 143 211 618 861 0.920509 -1 -1 -1 
15 2 1159 103 511 705 0.874608 -1 -1 -1 
16 1 144 211 616 860 0.918898 -1 -1 -1 
16 2 1160 103 512 705 0.877969 -1 -1 -1 
17 1 146 214 615 856 0.906062 -1 -1 -1 
17 2 1161 103 514 705 0.871163 -1 -1 -1 
18 1 146 215 616 855 0.907903 -1 -1 -1 
18 2 1163 104 512 704 0.872084 -1 -1 -1 
19 1 152 214 603 856 0.916195 -1 -1 -1 
19 2 1165 102 511 706 0.873015 -1 -1 -1 
20 1 150 214 606 857 0.918966 -1 -1 -1 
20 2 1167 102 511 706 0.864934 -1 -1 -1 
21 1 149 216 610 855 0.920015 -1 -1 -1 
21 2 1168 102 512 706 0.865009 -1 -1 -1 
22 1 152 216 608 855 0.901552 -1 -1 -1 
22 2 1169 102 511 707 0.864346 -1 -1 -1 
23 1 155 217 607 855 0.889946 -1 -1 -1 
23 2 1170 102 511 707 0.863708 -1 -1 -1 
24 1 157 217 604 855 0.907915 -1 -1 -1 
24 2 1171 102 510 707 0.867688 -1 -1 -1 
25 1 152 217 611 855 0.914506 -1 -1 -1 
25 2 1172 102 510 707 0.866074 -1 -1 -1 
26 1 154 217 604 855 0.915406 -1 -1 -1 
26 2 1173 102 509 707 0.859546 -1 -1 -1 
27 1 153 215 610 857 0.90829 -1 -1 -1 
27 2 1174 102 508 706 0.857359 -1 -1 -1 
28 1 152 215 611 856 0.908 -1 -1 -1 
28 2 1174 102 508 706 0.859028 -1 -1 -1 
29 1 150 215 615 857 0.915159 -1 -1 -1 
29 2 1174 103 508 705 0.854633 -1 -1 -1 
30 1 150 216 612 856 0.920131 -1 -1 -1 
30 2 1173 103 509 705 0.857716 -1 -1 -1 
31 1 154 217 606 855 0.918757 -1 -1 -1 
31 2 1172 103 510 704 0.865407 -1 -1 -1 
32 1 154 217 606 856 0.920284 -1 -1 -1 
32 2 1171 103 510 705 0.870449 -1 -1 -1 
33 1 154 218 606 855 0.918532 -1 -1 -1 
33 2 1171 103 510 705 0.871148 -1 -1 -1 
34 1 155 218 604 854 0.912755 -1 -1 -1 
34 2 1170 103 511 705 0.875349 -1 -1 -1 
35 1 155 217 603 854 0.91323 -1 -1 -1 
35 2 1169 103 512 706 0.877099 -1 -1 -1 
36 1 154 215 606 856 0.905943 -1 -1 -1 
36 2 1169 103 511 705 0.870557 -1 -1 -1 
37 1 153 215 603 855 0.907953 -1 -1 -1 
37 2 1169 103 511 705 0.875969 -1 -1 -1 
38 1 149 215 613 856 0.915002 -1 -1 -1 
38 2 1168 103 512 705 0.873975 -1 -1 -1 
39 1 149 215 612 857 0.918601 -1 -1 -1 
39 2 1168 103 511 705 0.874661 -1 -1 -1 
40 1 149 215 614 857 0.913061 -1 -1 -1 
40 2 1168 103 511 706 0.876673 -1 -1 -1 
41 1 148 215 616 857 0.915923 -1 -1 -1 
41 2 1168 103 510 706 0.87708 -1 -1 -1 
42 1 150 214 609 860 0.928473 -1 -1 -1 
42 2 1167 103 511 706 0.880663 -1 -1 -1 
43 1 151 214 607 861 0.92397 -1 -1 -1 
43 2 1167 104 510 705 0.881349 -1 -1 -1 
44 1 148 217 611 857 0.927906 -1 -1 -1 
44 2 1167 104 509 705 0.880169 -1 -1 -1 
45 1 149 221 608 851 0.925277 -1 -1 -1 
45 2 1167 103 509 706 0.870646 -1 -1 -1 
46 1 148 222 612 850 0.928048 -1 -1 -1 
46 2 1167 103 509 706 0.871202 -1 -1 -1 
47 1 148 223 613 848 0.926608 -1 -1 -1 
47 2 1166 103 510 706 0.872255 -1 -1 -1 
48 1 147 223 615 848 0.924639 -1 -1 -1 
48 2 1166 103 510 706 0.871619 -1 -1 -1 
49 1 145 223 619 848 0.922641 -1 -1 -1 
49 2 1166 103 509 705 0.869142 -1 -1 -1 
50 1 148 223 614 848 0.91989 -1 -1 -1 
50 2 1165 103 510 705 0.867536 -1 -1 -1 
51 1 149 222 613 849 0.916287 -1 -1 -1 
51 2 1164 103 511 705 0.868647 -1 -1 -1 
52 1 150 222 611 849 0.916915 -1 -1 -1 
52 2 1163 102 511 706 0.868003 -1 -1 -1 
53 1 143 221 621 851 0.91807 -1 -1 -1 
53 2 1163 103 511 706 0.871712 -1 -1 -1 
54 1 146 221 617 850 0.915809 -1 -1 -1 
54 2 1163 103 511 706 0.876276 -1 -1 -1 
55 1 149 221 611 850 0.919118 -1 -1 -1 
55 2 1163 103 511 707 0.877543 -1 -1 -1 
56 1 148 221 613 850 0.91897 -1 -1 -1 
56 2 1163 102 511 709 0.878184 -1 -1 -1 
57 1 147 221 615 850 0.921136 -1 -1 -1 
57 2 1163 103 511 708 0.877376 -1 -1 -1 
58 1 147 222 615 849 0.921616 -1 -1 -1 
58 2 1163 103 510 708 0.8781 -1 -1 -1 
59 1 145 222 617 849 0.918876 -1 -1 -1 
59 2 1162 102 511 710 0.877045 -1 -1 -1 
60 1 143 222 621 849 0.918445 -1 -1 -1 
60 2 1162 101 510 711 0.875088 -1 -1 -1 
61 1 142 222 623 849 0.918945 -1 -1 -1 
61 2 1161 100 512 710 0.860193 -1 -1 -1 
62 1 142 223 623 848 0.917931 -1 -1 -1 
62 2 1162 100 510 710 0.862146 -1 -1 -1 
63 1 143 223 621 848 0.915144 -1 -1 -1 
63 2 1162 98 508 713 0.85736 -1 -1 -1 
