face_idx16
0.0
face_idx17
1.0
14 8 51 41 0.9375782013
face_idx18
1.0
8 38 58 44 0.8856076002
face_idx19
1.0
0 18 25 25 0.0746713430
face_idx20
1.0
0 39 18 24 0.0254807025
face_idx21
1.0
4 23 32 27 0.0552065000
face_idx22
0.0
face_idx54
0.0
face_idx55
1.0
19 10 52 46 0.9191656113
face_idx56
1.0
5 33 61 47 0.9747747183
face_idx57
1.0
20 30 30 30 0.0557845235
face_idx58
1.0
0 38 20 26 0.0351235569
face_idx59
1.0
5 23 33 29 0.0973136798
face_idx60
1.0
7 5 25 19 0.1439297497
face_idx61
0.0
face_idx92
0.0
face_idx93
1.0
12 15 51 45 0.8222830892
face_idx94
1.0
2 37 66 47 0.9697570801
face_idx95
1.0
41 66 29 23 0.0283231419
face_idx96
1.0
5 29 32 28 0.0904707834
face_idx97
1.0
8 8 26 21 0.3355800509
face_idx98
0.0
face_idx127
0.0
face_idx128
1.0
5 17 55 46 0.8190803528
face_idx129
1.0
0 33 69 49 0.9701346755
face_idx130
0.0
face_idx131
1.0
6 31 33 27 0.1123980880
face_idx132
0.0
face_idx133
1.0
9 15 28 22 0.1235510558
face_idx162
1.0
35 0 55 22 0.0236619115
face_idx163
1.0
4 19 57 51 0.7964368463
face_idx164
1.0
0 32 65 47 0.9861847758
face_idx165
0.0
face_idx166
1.0
10 23 32 30 0.0555414222
face_idx167
1.0
6 10 27 22 0.0368945897
face_idx168
1.0
3 26 51 37 0.0615704693
face_idx201
0.0
face_idx202
1.0
6 20 56 49 0.7811470628
face_idx203
1.0
0 31 62 46 0.9899367094
face_idx204
0.0
face_idx205
1.0
10 27 34 30 0.1067895293
face_idx206
0.0
face_idx207
1.0
1 18 32 24 0.5639300942
face_idx208
0.0
face_idx240
1.0
39 27 45 40 0.0218559708
face_idx241
1.0
1 17 63 52 0.8883804679
face_idx242
1.0
2 35 60 44 0.9916622639
face_idx243
1.0
5 0 31 16 0.0288647506
face_idx244
1.0
7 32 31 25 0.0595182814
face_idx245
1.0
7 9 25 20 0.4889506996
face_idx246
1.0
4 24 31 23 0.0559500456
face_idx247
1.0
20 5 14 29 0.0218887068
face_idx282
1.0
42 8 51 42 0.4350940287
face_idx283
1.0
6 10 58 48 0.7207073569
face_idx284
1.0
0 40 60 45 0.9896440506
face_idx285
1.0
5 0 35 16 0.0306768492
face_idx286
1.0
11 29 36 32 0.0958845615
face_idx287
1.0
2 31 34 25 0.1146480292
face_idx288
0.0
face_idx317
1.0
41 6 54 46 0.9508486390
face_idx318
1.0
16 8 47 44 0.8353900909
face_idx319
1.0
0 36 62 45 0.9944750667
face_idx320
1.0
16 20 44 35 0.0554786958
face_idx321
1.0
10 29 35 33 0.0892443880
face_idx322
0.0
face_idx323
0.0
face_idx362
1.0
34 0 55 38 0.9907177091
face_idx363
1.0
0 8 56 49 0.7395616174
face_idx364
1.0
0 33 61 46 0.9932761192
face_idx365
1.0
10 0 35 16 0.0441651568
face_idx366
1.0
10 29 34 33 0.1471400112
face_idx367
1.0
5 23 32 25 0.0524083152
face_idx368
1.0
0 14 29 24 0.0301052928
face_idx369
1.0
9 9 22 18 0.1021946073
face_idx370
1.0
4 15 33 27 0.0244979374
face_idx371
1.0
14 21 54 46 0.9870254397
face_idx412
1.0
33 0 57 32 0.9870037436
face_idx413
1.0
3 14 60 51 0.8074752688
face_idx414
1.0
2 27 61 45 0.9937760830
face_idx415
1.0
16 21 44 35 0.0707644448
face_idx416
0.0
face_idx417
1.0
18 0 32 14 0.0314405896
face_idx418
1.0
2 8 23 19 0.2634111345
face_idx419
0.0
face_idx420
1.0
16 23 53 46 0.9916229844
face_idx457
1.0
31 0 60 22 0.1475451589
face_idx458
1.0
1 22 64 52 0.9541774392
face_idx459
1.0
4 39 61 47 0.9891926646
face_idx460
1.0
15 20 43 34 0.0236532800
face_idx461
0.0
face_idx462
1.0
4 0 29 14 0.0539045781
face_idx463
1.0
2 5 22 17 0.2379412353
face_idx464
0.0
face_idx465
1.0
16 27 55 45 0.9947013855
face_idx500
0.0
face_idx501
1.0
0 23 61 50 0.9351221919
face_idx502
1.0
2 46 62 45 0.9929538369
face_idx503
1.0
23 87 34 28 0.0356037952
face_idx504
1.0
0 0 50 28 0.0549150370
face_idx505
1.0
8 7 23 19 0.3299999535
face_idx506
1.0
12 28 57 47 0.9950169921
face_idx507
1.0
2 28 33 30 0.1053861976
face_idx508
0.0
face_idx547
0.0
face_idx548
1.0
5 23 57 48 0.8305163383
face_idx549
1.0
1 45 62 45 0.9919394851
face_idx550
1.0
23 86 34 28 0.0471713617
face_idx551
1.0
14 0 35 16 0.0658707917
face_idx552
1.0
1 9 23 19 0.2993487418
face_idx553
1.0
18 24 56 48 0.9946698546
face_idx554
1.0
4 30 31 26 0.0469318666
face_idx555
0.0
face_idx556
0.0
face_idx597
1.0
232 0 -66 22 0.0385297872
face_idx598
1.0
0 22 62 51 0.9332519770
face_idx599
1.0
2 39 62 47 0.9932299852
face_idx600
0.0
face_idx601
1.0
3 16 29 21 0.0357478634
face_idx602
1.0
0 8 23 18 0.1341752410
face_idx603
1.0
11 25 59 49 0.9935035110
face_idx604
1.0
6 41 29 23 0.0566459522
face_idx605
0.0
face_idx606
0.0
face_idx647
0.0
face_idx648
1.0
1 22 64 53 0.9811753631
face_idx649
1.0
0 37 62 47 0.9939467311
face_idx650
1.0
0 0 46 60 0.0929154009
face_idx651
0.0
face_idx652
1.0
7 2 22 16 0.0518395044
face_idx653
1.0
14 24 56 48 0.9955588579
face_idx654
1.0
7 40 30 25 0.0920460448
face_idx655
0.0
face_idx656
0.0
face_idx696
0.0
face_idx697
1.0
5 24 58 49 0.9360567331
face_idx698
1.0
2 38 62 47 0.9926981330
face_idx699
1.0
2 15 29 23 0.0730929524
face_idx700
0.0
face_idx701
1.0
10 33 59 49 0.9953944683
face_idx702
1.0
10 29 35 31 0.1863856167
face_idx703
0.0
face_idx704
0.0
face_idx705
0.0
face_idx743
0.0
face_idx744
1.0
8 25 58 48 0.7298122048
face_idx745
1.0
5 46 63 47 0.9909802079
face_idx746
1.0
5 3 25 18 0.1203321666
face_idx747
1.0
8 26 60 50 0.9953935146
face_idx748
1.0
2 40 29 22 0.1897362471
face_idx749
0.0
face_idx750
0.0
face_idx751
1.0
6 18 27 24 0.0444165841
face_idx780
0.0
face_idx781
1.0
5 20 59 52 0.7368095517
face_idx782
1.0
4 52 64 49 0.9930207133
face_idx783
0.0
face_idx784
1.0
10 27 59 48 0.9961668849
face_idx785
1.0
0 0 30 17 0.0759741589
face_idx786
0.0
face_idx818
1.0
9 135 34 23 0.0763896853
face_idx819
1.0
23 21 51 47 0.8394645452
face_idx820
1.0
12 46 63 51 0.9914041758
face_idx821
1.0
7 34 60 50 0.9960681200
face_idx822
1.0
6 10 27 21 0.2282068729
face_idx823
0.0
face_idx824
1.0
13 38 34 28 0.1417095065
face_idx858
0.0
face_idx859
1.0
2 19 65 54 0.9171156883
face_idx860
1.0
19 43 59 46 0.9660566449
face_idx861
1.0
9 43 60 49 0.9958022237
face_idx862
1.0
3 11 28 22 0.2058644146
face_idx863
1.0
10 29 35 31 0.0788530931
face_idx864
0.0
face_idx865
0.0
face_idx901
0.0
face_idx902
1.0
19 22 61 53 0.9180029631
face_idx903
1.0
14 33 65 49 0.9772426486
face_idx904
1.0
11 45 60 51 0.9927999973
face_idx905
1.0
2 8 29 20 0.0804235414
face_idx906
1.0
10 29 37 31 0.4567238986
face_idx907
0.0
face_idx908
0.0
face_idx909
0.0
face_idx948
0.0
face_idx949
1.0
21 25 56 49 0.7853441238
face_idx950
1.0
11 33 62 47 0.9635797143
face_idx951
1.0
11 28 62 51 0.9969251752
face_idx952
1.0
0 5 27 26 0.2846263647
face_idx953
1.0
9 31 35 25 0.2633558810
face_idx954
0.0
face_idx955
0.0
face_idx956
0.0
face_idx957
1.0
0 0 43 27 0.0261985436
face_idx998
0.0
face_idx999
1.0
22 24 53 49 0.8351545334
face_idx1000
1.0
14 36 64 48 0.9827728271
face_idx1001
1.0
11 25 66 53 0.9964514971
face_idx1002
1.0
6 16 23 20 0.1099416539
face_idx1003
1.0
12 15 34 29 0.2167734355
face_idx1004
0.0
face_idx1005
0.0
face_idx1006
0.0
face_idx1044
0.0
face_idx1045
1.0
22 21 54 50 0.9088663459
face_idx1046
1.0
8 40 64 47 0.9678794146
face_idx1047
1.0
6 24 65 53 0.9968198538
face_idx1048
1.0
0 15 27 23 0.3601433337
face_idx1049
1.0
11 10 34 30 0.3298909068
face_idx1050
0.0
face_idx1051
0.0
face_idx1052
0.0
face_idx1053
0.0
face_idx1094
0.0
face_idx1095
1.0
22 19 53 49 0.8741697669
face_idx1096
1.0
9 41 65 49 0.9704262614
face_idx1097
1.0
9 24 64 52 0.9955560565
face_idx1098
1.0
6 16 23 21 0.0850883946
face_idx1099
1.0
4 14 31 21 0.0340231694
face_idx1100
0.0
face_idx1101
0.0
face_idx1102
0.0
face_idx1103
0.0
face_idx1143
0.0
face_idx1144
1.0
20 20 59 53 0.9165822268
face_idx1145
1.0
9 54 68 50 0.9749370813
face_idx1146
1.0
5 18 66 54 0.9954350591
face_idx1147
1.0
8 19 24 21 0.0396829695
face_idx1148
0.0
face_idx1149
0.0
face_idx1150
1.0
7 9 26 20 0.0677393824
face_idx1151
1.0
7 21 38 30 0.0509103015
face_idx1184
0.0
face_idx1185
1.0
19 19 59 53 0.9226309657
